     558.389571244533       1.546871382742       0.008149697130
     302.337823900725       6.359360129050       0.005996793047
     644.942274572018       9.281228296451       0.008758570748
     598.574754932294      12.031221865770       0.008437854225
     651.639805186645      14.437466238924       0.008803930845
     656.791751813281      14.437466238924       0.008838664822
     604.241896221594      15.640588425501       0.008477703769
     302.853018563388      16.328086817830       0.006001900249
     302.337823900725      17.359334406325       0.005996793047
     602.696312233603      18.046832798655       0.008466854312
     302.337823900725      18.734331190984       0.005996793047
     638.244743957391      20.968700966056       0.008712974508
     611.454621498884      21.140575564138       0.008528152069
     301.307434575398       5.499987138638       0.037768942527
     301.822629238061       5.671861736720       0.080158105692
     301.307434575398       5.156237942473       0.102982697667
     301.822629238061       5.499987138638       0.127128490708
     301.307434575398       5.671861736720       0.127019943689
     301.307434575398       7.734356913709       0.152177635592
     301.307434575398       5.671861736720       0.160806853079
     301.307434575398       4.812488746308       0.205710817314
     579.512552413741      10.828099679193       0.351426880665
     590.331640329677       9.968726688781       0.368489131701
     577.451773763087       2.062495176989       0.378236490321
     604.757090884257      18.218707396737       0.415736879429
     643.396690584027      13.062469454264       0.458974547340
     301.822629238061       7.562482315627       0.324841943159
     459.472196013122      11.171848875358       0.400798251986
     645.972663897345      15.296839229336       0.490717948459
     651.639805186645       3.437491961648       0.572999421890
     519.749971544764      10.999974277275       0.511737942100
     651.639805186645      15.296839229336       0.623076309343
     301.822629238061       4.296864952061       0.435651684416
     482.655955832984       2.406244373154       0.565751373909
     609.909037510893       8.078106109874       0.635973935164
     483.171150495648      13.406218650429       0.581069853738
     483.686345158312       8.937479100286       0.596580099961
     523.356334183409      11.171848875358       0.620562590569
     483.171150495648      19.765578779479       0.596262294037
     523.356334183409      11.343723473440       0.636564346770
     484.201539820975      19.937453377561       0.627871125737
     615.576178800193      21.140575564138       0.725735586965
     589.816445667013       9.453102894533       0.728032962061
     522.841139520745      10.999974277275       0.685452682045
     642.366301258700       6.531234727132       0.797356861190
     625.364877390801      12.718720258099       0.844396488431
     658.337335801272      10.484350483028       0.907359389363
     557.359181919206       7.562482315627       0.854201169507
     642.881495921364       6.531234727132       0.959986407417
     618.667346776175      21.312450162221       0.963185991860
     631.032018680101       7.390607717544       1.040248096401
     638.759938620055      11.171848875358       1.094143685834
     614.545789474866      18.390581994819       1.073204900105
     621.758514752156      21.656199358386       1.079484458065
     485.747123808966       0.343749196165       1.019681550223
     585.694888365704       2.749993569319       1.119683193297
     565.602296521824      10.828099679193       1.100309910327
     627.425656041456       4.296864952061       1.211354701661
     557.874376581870      10.828099679193       1.194052278405
     608.878648185566      15.984337621666       1.333658946958
     500.687769026210      11.171848875358       1.236756116327
     558.389571244533      10.140601286863       1.335728397021
     501.202963688874      11.171848875358       1.265483027643
     618.667346776175      12.718720258099       1.405976646314
     552.722429955234      20.968700966056       1.328932902836
     501.718158351538      11.171848875358       1.294966404858
     486.262318471630       0.171874598082       1.303993009249
     558.389571244533       7.906231511792       1.397360955515
     502.233353014201      11.171848875358       1.325234490223
     566.117491184487       8.593729904121       1.439258379292
     558.904765907197      10.828099679193       1.430060418647
     486.777513134293       0.171874598082       1.365312442861
     469.776089266394      10.656225081110       1.341257762680
     652.154999849309      14.265591640841       1.580309709749
     469.776089266394      21.484324760303       1.341257762680
     566.117491184487      15.468713827418       1.506393928903
     566.117491184487      12.203096463852       1.541328853763
     558.389571244533      10.999974277275       1.566414008780
     627.425656041456       0.687498392330       1.739123417181
     571.269437811123       4.468739550143       1.698578810496
     548.085677991261       6.359360129050       1.663755229787
     583.118915052386       6.359360129050       1.716104662988
     515.628414243455      16.156212219748       1.613740236065
     627.940850704119      18.734331190984       1.780838660645
     602.181117570939      19.765578779479       1.743928894735
     547.570483328598       4.812488746308       1.702320203015
     543.964120689953       5.671861736720       1.696705103283
     644.942274572018      20.453077171809       1.847488148252
     584.664499040377      21.656199358386       1.759035485445
     549.116067316589       8.593729904121       1.745215613330
     516.143608906118      16.156212219748       1.692007528166
     577.451773763087      16.671836013995       1.789677894198
     635.153575981410      21.484324760303       1.876965922134
     560.965544557851       1.203122186577       1.806009638968
     548.600872653925       4.640614148225       1.785994912492
     655.761362487954      13.234344052347       1.952652143957
     594.968392293649      17.703083602490       1.859939927710
     536.236200749999      10.999974277275       1.808020740260
     548.085677991261      15.812463023583       1.827887951506
     585.694888365704       2.578118971236       1.934959579661
     651.639805186645      10.312475884945       2.040985799097
     584.664499040377      15.984337621666       1.933256782357
     618.152152113511       7.390607717544       2.035780965083
     566.117491184487      11.171848875358       1.948213925165
     618.667346776175      20.968700966056       2.036629142220
     631.547213342765       4.812488746308       2.107504460921
     521.810750195418       6.359360129050       1.915676192604
     583.634109715050       6.359360129050       2.025983592228
     652.154999849309      10.484350483028       2.141613052466
     577.966968425750      10.828099679193       2.016123353670
     643.911885246691      18.562456592902       2.128035220812
     550.661651304579      20.453077171809       1.967922573191
     638.759938620055       7.218733119462       2.170952391399
     580.542941739068       6.015610932885       2.120052477251
     587.755667016359      10.656225081110       2.133181698556
     621.758514752156       1.203122186577       2.247598509562
     580.027747076405       5.843736334802       2.170862164598
     561.480739220515       2.062495176989       2.188177023813
     601.150728245612       3.953115755896       2.264157900112
     584.149304377713       6.359360129050       2.231911418147
     622.788904077483       6.531234727132       2.304546392315
     604.757090884257       8.078106109874       2.270939198420
     586.725277691031       8.937479100286       2.236827130449
     553.237624617897      10.484350483028       2.172055289755
     614.030594812202      12.374971061935       2.288284545666
     595.483586956313      18.906205789067       2.253460344429
     615.060984137529       3.609366559731       2.346433252065
     598.059560269631       8.765604502204       2.313776115922
     552.722429955234      11.687472669605       2.224347620431
     539.842563388644      12.718720258099       2.198278319507
     563.541517871169      21.140575564138       2.246012008067
     619.697736101502       2.921868167401       2.413227448510
     633.607991993419       6.531234727132       2.440161804659
     486.777513134293       6.874983923297       2.138816645880
     631.032018680101      15.812463023583       2.435196436790
     611.454621498884       2.234369775072       2.456251443905
     595.998781618976       7.562482315627       2.425009213953
     539.842563388644       9.453102894533       2.307938695232
     532.114643448690      10.999974277275       2.291359920873
     570.754243148460      11.687472669605       2.373095859169
     578.482163088414      12.203096463852       2.389107509253
     597.544365606967      16.156212219748       2.428151526275
     581.058136401732      20.453077171809       2.394420932521
     607.333064197575       3.609366559731       2.508464178968
     646.487858560009       6.703109325215       2.588061709583
     592.392418980331       9.453102894533       2.477417419720
     537.266590075326      10.828099679193       2.359333630732
     587.755667016359      12.031221865770       2.467702798038
     583.118915052386      13.406218650429       2.457949781291
     625.364877390801      18.390581994819       2.545430150457
     608.363453522903      20.453077171809       2.510591182674
     655.761362487954       4.984363344390       2.671102312620
     647.003053222672       6.874983923297       2.653204811441
     592.392418980331       9.624977492616       2.538764151099
     642.881495921364      12.546845660017       2.644740549606
     652.154999849309      18.390581994819       2.663747316724
     642.881495921364       9.453102894533       2.710340164692
     658.852530463935       9.624977492616       2.743799971800
     596.513976281640      10.484350483028       2.610770218432
     559.935155232524      10.999974277275       2.529456445988
     601.150728245612      12.890594856182       2.620897441897
     577.966968425750      13.062469454264       2.569862265472
     615.060984137529       8.593729904121       2.716901269047
     593.938002968322       8.765604502204       2.669840547042
     641.335911933373      16.156212219748       2.774326350449
     578.482163088414      12.374971061935       2.700412227325
     517.173998231445      16.499961415913       2.553309261287
     560.450349895188      20.453077171809       2.657991892263
     635.668770644073       2.749993569319       2.901235212486
     590.846834992340       5.156237942473       2.797080456054
     642.881495921364       5.156237942473       2.917648467572
     630.001629354774       6.703109325215       2.888273651097
     612.485010824211       8.249980707956       2.847837696236
     579.512552413741       9.453102894533       2.770122186572
     588.786056341686       9.796852090698       2.792198312113
     617.636957450847      12.718720258099       2.859789975292
     608.878648185566      14.093717042759       2.839441165621
     629.486434692110      15.640588425501       2.887092441844
     600.635533582948       2.578118971236       2.890452430009
     629.486434692110       6.531234727132       2.959058174364
     609.393842848230      17.015585210160       2.911450069808
     563.541517871169       0.343749196165       2.869622846010
     617.121762788184       1.546871382742       3.002944416172
     560.450349895188       1.718745980824       2.861741719549
     634.638381318746       2.062495176989       3.045264567150
     635.668770644073       2.921868167401       3.047735687400
     637.214354632064       4.984363344390       3.051438615591
     643.396690584027       9.453102894533       3.066205609968
     620.728125426829       1.031247588495       3.086890783497
     599.089949594958       9.109353698369       3.032610044462
     576.421384437759      10.828099679193       2.974682333683
     566.117491184487      12.374971061935       2.947975289344
     623.304098740147      16.499961415913       3.093289330014
     635.668770644073      20.796826367973       3.123819920366
     634.638381318746       0.515623794247       3.199248920327
     636.183965306737       2.406244373154       3.203142240644
     654.730973162626       4.296864952061       3.249498258009
     604.241896221594       6.531234727132       3.121693661418
     570.239048485796      12.374971061935       3.032587509850
     573.330216461778      12.718720258099       3.040795968833
     599.605144257621      12.718720258099       3.109693174091
     587.755667016359      15.640588425501       3.078812760386
     610.939426836220      19.421829583314       3.138946703477
     620.212930764165      19.593704181396       3.162680155306
     654.215778499963      20.453077171809       3.248219523925
     607.333064197575      21.484324760303       3.129668422518
     601.665922908276       2.406244373154       3.192868741695
     659.367725126599       2.578118971236       3.342467556489
     573.330216461778      12.546845660017       3.116777308751
     601.150728245612      14.609340837006       3.191501453673
     638.244743957391      17.187459808242       3.288493451019
     638.244743957391      19.249954985232       3.288493451019
     634.123186656082       1.203122186577       3.359784946025
     596.513976281640       1.718745980824       3.258629425980
     653.700583837299       6.703109325215       3.411254327032
     652.670194511972       8.765604502204       3.408564788186
     570.754243148460       9.624977492616       3.187492984326
     575.390995112432      14.437466238924       3.200414236167
     613.000205486875       1.890620578907       3.385928660908
     617.636957450847       5.499987138638       3.398710169552
     652.670194511972       8.593729904121       3.493770581726
     627.425656041456       8.765604502204       3.425536743454
     589.301251004349       9.453102894533       3.319832521839
     640.305522608046      11.859347267687       3.460518038020
     566.632685847151      12.546845660017       3.255354619426
     574.360605787105      13.234344052347       3.277478232520
     590.846834992340      13.234344052347       3.324183199877
     632.577602668092      18.218707396737       3.439571953752
     600.120338920285      19.078080387149       3.350168620541
     609.909037510893      19.249954985232       3.377380782528
     571.784632473787      19.937453377561       3.270120325386
     557.874376581870      20.796826367973       3.230098014448
     593.422808305658       1.546871382742       3.414701599612
     572.815021799114       1.890620578907       3.354886562093
     617.121762788184       5.328112540555       3.482218927603
     639.790327945382       6.874983923297       3.545597854611
     582.603720389723       8.593729904121       3.383430559388
     632.062408005428      18.562456592902       3.524119458520
     629.486434692110      19.249954985232       3.516930844029
     588.786056341686      20.796826367973       3.401334929284
     587.240472353695       2.062495176989       3.481777107426
     562.511128545842       5.671861736720       3.407677880480
     655.761362487954       8.765604502204       3.679305825133
     548.085677991261      10.999974277275       3.363699593015
     602.696312233603      13.921842444676       3.527298737168
     633.092797330755      14.437466238924       3.615152833131
     645.972663897345      15.812463023583       3.651741657952
     646.487858560009      15.984337621666       3.653197588634
     651.124610523981      19.249954985232       3.666274947167
     572.815021799114      20.281202573726       3.438746608974
     595.483586956313      20.281202573726       3.506128860822
     604.757090884257       1.890620578907       3.621628781268
     617.636957450847       5.328112540555       3.659991575117
     573.845411124441       6.874983923297       3.527856446602
     558.389571244533      12.031221865770       3.480022865886
     567.147880509815      12.890594856182       3.507208660960
     616.606568125520      13.406218650429       3.656937361492
     648.033442548000      14.953090033171       3.748971661587
     579.512552413741      20.968700966056       3.545233724326
     604.757090884257       2.062495176989       3.712116257774
     655.761362487954       7.390607717544       3.865485039629
     605.272285546921       7.734356913709       3.713697103519
     573.330216461778       9.281228296451       3.614377417796
     558.389571244533      11.859347267687       3.566972276313
     634.123186656082      12.718720258099       3.801175323811
     634.123186656082      17.703083602490       3.801175323811
     654.215778499963      18.734331190984       3.860927012418
     609.909037510893      20.281202573726       3.727894548644
     656.276557150617       9.109353698369       3.963587335970
     640.305522608046      10.656225081110       3.915061696457
     600.635533582948      11.343723473440       3.791844310486
     609.393842848230      16.328086817830       3.819390095423
     570.754243148460      20.624951769891       3.696319989996
     566.632685847151      20.796826367973       3.682949789273
     565.087101859160      20.968700966056       3.677923433271
     565.602296521824       0.343749196165       3.771463517453
     642.366301258700       0.343749196165       4.019256323804
     559.935155232524       1.374996784659       3.752521563680
     600.635533582948       2.578118971236       3.886510449036
     657.822141138608       2.749993569319       4.067322155567
     632.577602668092       2.921868167401       3.988515043635
     612.485010824211       7.046858521379       3.924660201388
     629.486434692110       8.765604502204       3.978757925429
     565.602296521824       9.968726688781       3.771463517453
     644.427079909354       9.968726688781       4.025698259830
     553.752819280561      10.828099679193       3.731747960084
     578.997357751077      13.406218650429       3.815861646004
     599.605144257621      19.421829583314       3.883175366769
     630.516824017437      19.421829583314       3.982012954593
     609.909037510893      20.281202573726       3.916398389197
     557.359181919206       1.031247588495       3.837301616993
     645.972663897345       2.921868167401       4.131097324461
     656.276557150617       3.781241157813       4.163914489051
     621.243320089492       8.593729904121       4.051251665978
     629.486434692110       8.593729904121       4.078040592668
     567.147880509815       9.109353698369       3.870851525095
     633.607991993419      11.171848875358       4.091369279670
     556.843987256543      11.343723473440       3.835527703117
     633.092797330755      13.062469454264       4.089705569382
     641.851106596037      13.234344052347       4.117897230018
     600.635533582948      17.187459808242       3.983491248287
     612.485010824211      18.562456592902       4.022592958320
     633.092797330755      19.078080387149       4.089705569382
     557.359181919206      21.140575564138       3.837301616993
     557.359181919206       0.859372990412       3.933000143344
     633.607991993419       2.578118971236       4.193404003521
     660.398114451926       2.921868167401       4.281138662563
     612.485010824211       6.874983923297       4.122912468394
     615.576178800193       8.078106109874       4.133303396274
     607.333064197575       8.593729904121       4.105535813510
     571.269437811123       8.937479100286       3.981776484664
     563.541517871169      11.343723473440       3.954752788074
     597.544365606967      11.343723473440       4.072315900634
     657.306946475944      15.468713827418       4.271107409616
     581.058136401732      19.593704181396       4.015745447021
     619.697736101502      20.624951769891       4.147117467648
     616.091373462856      20.796826367973       4.135032678983
     616.606568125520       2.062495176989       4.239863314590
     659.367725126599       3.093742765484       4.384414702098
     660.398114451926       3.093742765484       4.387839111867
     607.333064197575       8.765604502204       4.207859646130
     619.182541438838       8.937479100286       4.248710440302
     634.638381318746      10.312475884945       4.301411080136
     574.875800449769      11.687472669605       4.093877057813
     653.700583837299      11.859347267687       4.365532433265
     636.699159969400      14.781215435089       4.308389126300
     622.788904077483      15.468713827418       4.261065556444
     605.272285546921      18.562456592902       4.200714608043
     579.512552413741      18.906205789067       4.110353807998
     598.059560269631      19.593704181396       4.175610695055
     615.576178800193      20.453077171809       4.236319290935
     627.940850704119      20.796826367973       4.278653834394
     604.757090884257       5.499987138638       4.303506677168
     610.424232173557       6.015610932885       4.323623605871
     643.396690584027       7.046858521379       4.438859592346
     599.089949594958       7.218733119462       4.283295268320
     628.456045366783       8.593729904121       4.387018346589
     631.547213342765       9.109353698369       4.397794260095
     522.325944858081       9.968726688781       3.999473244333
     549.116067316589      10.312475884945       4.100757352713
     574.360605787105      10.828099679193       4.193960337095
     553.237624617897      11.171848875358       4.116118321945
     544.479315352616      11.343723473440       4.083407191870
     574.360605787105      11.343723473440       4.193960337095
     581.058136401732      11.515598071522       4.218342028279
     549.116067316589      11.687472669605       4.100757352713
     556.328792593879      11.859347267687       4.127601533707
     631.032018680101      13.062469454264       4.396000108885
     633.607991993419      14.781215435089       4.404963557321
     614.545789474866      15.296839229336       4.338195507312
     623.819293402810      15.812463023583       4.370804662999
     594.968392293649      18.734331190984       4.268535952899
     611.454621498884      19.593704181396       4.327271181571
     612.485010824211      19.593704181396       4.330915685217
     652.670194511972      20.624951769891       4.470734573087
     606.302674872248      20.796826367973       4.309002426413
     513.052440930137       0.859372990412       4.062462820588
     641.851106596037       3.265617363566       4.543867590451
     610.424232173557       5.156237942473       4.431231129483
     600.635533582948       6.874983923297       4.395558162062
     599.089949594958       7.046858521379       4.389899089266
     625.880072053465       7.562482315627       4.486979467771
     628.456045366783       8.421855306039       4.496203655799
     656.276557150617       9.281228296451       4.594645043175
     581.573331064395       9.453102894533       4.325245488577
     625.880072053465      13.749967846594       4.486979467771
     604.241896221594      15.984337621666       4.408734416403
     602.181117570939      18.562456592902       4.401209958432
     614.545789474866      20.453077171809       4.446165700381
     513.052440930137      21.312450162221       4.062462820588
     543.448926027289      21.312450162221       4.181074323332
     642.881495921364       0.515623794247       4.660605768258
     618.667346776175       1.031247588495       4.571992431866
     597.029170944303       1.374996784659       4.491327054985
     602.696312233603       2.749993569319       4.512593074960
     638.759938620055       7.218733119462       4.645642014890
     628.456045366783       8.249980707956       4.608020045419
     656.791751813281       9.109353698369       4.710757525672
     600.635533582948       9.624977492616       4.504871592163
     634.638381318746       9.624977492616       4.630629906816
     552.722429955234      11.171848875358       4.321459527902
     618.667346776175      12.374971061935       4.571992431866
     599.605144257621      13.749967846594       4.501005883436
     604.241896221594      15.812463023583       4.518375527655
     601.150728245612      16.499961415913       4.506803203098
     621.243320089492      16.671836013995       4.581500850695
     624.334488065474      17.531209004407       4.592884969426
     522.841139520745      20.796826367973       4.203023147197
     580.542941739068      21.312450162221       4.428881701785
     513.052440930137      21.484324760303       4.163492480350
     543.448926027289      21.484324760303       4.285053740494
     600.635533582948      21.484324760303       4.504871592163
     654.730973162626       3.093742765484       4.820234854908
     612.485010824211       3.437491961648       4.662131165867
     604.757090884257       4.468739550143       4.632625998845
     619.182541438838       4.468739550143       4.687552089166
     639.790327945382       5.671861736720       4.764919749814
     580.542941739068       9.796852090698       4.538934652072
     634.638381318746       9.796852090698       4.745696083167
     550.146456641916       9.968726688781       4.418510746431
     523.356334183409      10.140601286863       4.309585466463
     600.120338920285      11.687472669605       4.614832350978
     301.822629238061      12.031221865770       3.272748666236
     632.577602668092      12.718720258099       4.737984777353
     633.607991993419      12.890594856182       4.741841997801
     622.788904077483      14.609340837006       4.701183343001
     653.700583837299      15.468713827418       4.816440415368
     642.366301258700      15.984337621666       4.774502558001
     655.246167825290      20.453077171809       4.822130955015
     655.761362487954      20.624951769891       4.824026309852
     654.730973162626      20.796826367973       4.820234854908
     512.537246267473      21.312450162221       4.264807872009
     595.483586956313      21.484324760303       4.596969829147
     543.448926027289      21.656199358386       4.391532720524
     628.456045366783       1.203122186577       4.839775048308
     301.307434575398       1.374996784659       3.351140573301
     556.843987256543       1.374996784659       4.555693412181
     578.482163088414       1.546871382742       4.643363768428
     301.307434575398       1.890620578907       3.351140573301
     654.730973162626       2.921868167401       4.939911463910
     301.307434575398       3.953115755896       3.351140573301
     301.822629238061       6.187485530967       3.354004346567
     619.182541438838       7.562482315627       4.803934455469
     302.337823900725       7.906231511792       3.356865676722
     647.518247885336       8.078106109874       4.912626289934
     301.307434575398       9.453102894533       3.351140573301
     555.813597931215       9.624977492616       4.551476511668
     523.871528846072      10.140601286863       4.418757010834
     549.116067316589      10.656225081110       4.523970849189
     648.548637210663      10.656225081110       4.916533442791
     574.360605787105      11.171848875358       4.626792730156
     642.881495921364      11.171848875358       4.895005508849
     301.307434575398      11.687472669605       3.351140573301
     301.822629238061      11.859347267687       3.354004346567
     605.787480209585      13.062469454264       4.751687475890
     653.700583837299      13.234344052347       4.936022816169
     657.306946475944      14.437466238924       4.949619717220
     632.577602668092      15.468713827418       4.855619284535
     656.276557150617      16.328086817830       4.945738702718
     301.307434575398      18.562456592902       3.351140573301
     655.761362487954      19.249954985232       4.943797052954
     655.761362487954      19.937453377561       4.943797052954
     301.307434575398      20.968700966056       3.351140573301
     595.483586956313      21.656199358386       4.711103222518
     550.146456641916       0.515623794247       4.640541516159
     628.456045366783       1.718745980824       4.959831887990
     533.660227436681       2.234369775072       4.570481136281
     615.576178800193       2.234369775072       4.908744244253
     301.307434575398       3.093742765484       3.434269921782
     301.822629238061       3.953115755896       3.437204734624
     630.001629354774       7.734356913709       4.965927086991
     634.123186656082       8.078106109874       4.982144495078
     632.577602668092       8.421855306039       4.976069160858
     301.307434575398       8.937479100286       3.434269921782
     615.576178800193       8.937479100286       4.908744244253
     581.058136401732       9.281228296451       4.769131481424
     600.635533582948       9.281228296451       4.848808285094
     302.853018563388      10.140601286863       3.443066855560
     637.214354632064      10.140601286863       4.994272992361
     643.396690584027      10.484350483028       5.018442051774
     561.995933883179      10.999974277275       4.690251046660
     302.337823900725      11.171848875358       3.440137043751
     556.843987256543      12.890594856182       4.668703241805
     533.145032774017      13.234344052347       4.568274436266
     301.307434575398      15.640588425501       3.434269921782
     302.337823900725      15.812463023583       3.440137043751
     601.665922908276      17.187459808242       4.852965564448
     302.337823900725      18.218707396737       3.440137043751
     302.853018563388      19.249954985232       3.443066855560
     632.062408005428      19.249954985232       4.974042400460
     533.660227436681      19.765578779479       4.570481136281
     597.029170944303      20.109327975644       4.834229653330
     569.208659160469      20.281202573726       4.720252723066
     524.386723508736      20.968700966056       4.530596093223
     614.545789474866       0.343749196165       5.026190668750
     579.512552413741       1.031247588495       4.880825258503
     651.639805186645       1.203122186577       5.175658802505
     301.307434575398       2.234369775072       3.519384845982
     615.576178800193       2.406244373154       5.030402530812
     643.911885246691       2.578118971236       5.144877711343
     657.306946475944       4.812488746308       5.198115759435
     610.424232173557       5.156237942473       5.009307806988
     641.851106596037       5.156237942473       5.136638268161
     493.990238411584       7.390607717544       4.506309530462
     620.212930764165       7.906231511792       5.049312433110
     591.362029655004       8.593729904121       4.930472645984
     301.822629238061       9.109353698369       3.522392395207
     610.939426836220       9.109353698369       5.011421275131
     555.813597931215       9.968726688781       4.779983743334
     301.307434575398      11.687472669605       3.519384845982
     532.629838111353      13.234344052347       4.679232037494
     301.307434575398      13.578093248512       3.519384845982
     301.822629238061      14.609340837006       3.522392395207
     610.939426836220      15.124964631253       5.011421275131
     302.337823900725      16.499961415913       3.525397378665
     301.307434575398      18.390581994819       3.519384845982
     301.307434575398      19.249954985232       3.519384845982
     600.120338920285       0.343749196165       5.089834654215
     657.822141138608       1.546871382742       5.328914409379
     301.307434575398       1.718745980824       3.606528971355
     620.212930764165       2.234369775072       5.174339372469
     641.851106596037       4.984363344390       5.263827498332
     301.822629238061       5.843736334802       3.609610991051
     609.393842848230       6.187485530967       5.129009840713
     625.364877390801       6.531234727132       5.195785868992
     611.454621498884       8.249980707956       5.137674871778
     600.635533582948       9.453102894533       5.092018960368
     631.032018680101       9.453102894533       5.219275230991
     635.668770644073       9.624977492616       5.238415457586
     526.447502159390       9.968726688781       4.767185331171
     649.063831873327      11.687472669605       5.293320690181
     301.822629238061      12.203096463852       3.609610991051
     556.843987256543      12.718720258099       4.902880054195
     532.114643448690      13.234344052347       4.792775722080
     557.359181919206      13.234344052347       4.905147613612
     301.307434575398      13.749967846594       3.606528971355
     605.787480209585      13.921842444676       5.113810707063
     605.272285546921      14.093717042759       5.111635712977
     618.152152113511      14.093717042759       5.165735842986
     654.730973162626      14.265591640841       5.316379131470
     301.822629238061      14.437466238924       3.609610991051
     616.606568125520      14.437466238924       5.159273780585
     570.754243148460      17.187459808242       4.963740578852
     652.154999849309      17.187459808242       5.305910444218
     633.607991993419      17.359334406325       5.229917338191
     597.029170944303      19.937453377561       5.076709081117
     601.150728245612      20.281202573726       5.094202329927
     551.176845967243      21.656199358386       4.877867329623
     600.120338920285       0.515623794247       5.215746644321
     654.730973162626       1.203122186577       5.447895363740
     657.822141138608       1.374996784659       5.460740738517
     644.427079909354       2.234369775072       5.404856966726
     658.337335801272       2.578118971236       5.462878697763
     619.697736101502       4.124990353978       5.300139118776
     640.820717270709       4.468739550143       5.389712335417
     531.599448786026       5.156237942473       4.908960927276
     609.393842848230       6.015610932885       5.255890943968
     301.307434575398       6.359360129050       3.695747044437
     616.606568125520       7.046858521379       5.286903551166
     612.485010824211       7.734356913709       5.269204411857
     657.306946475944       7.906231511792       5.458601941901
     582.088525727059       9.624977492616       5.136790262083
     600.635533582948       9.624977492616       5.217984985693
     527.993086147381       9.796852090698       4.892281432348
     582.088525727059      10.312475884945       5.136790262083
     604.241896221594      14.953090033171       5.233626570853
     643.911885246691      15.812463023583       5.402696047122
     652.670194511972      17.015585210160       5.439314927595
     609.909037510893      17.531209004407       5.258112196223
     301.307434575398      19.078080387149       3.695747044437
     643.911885246691      19.078080387149       5.402696047122
     654.730973162626       1.031247588495       5.582536448438
     526.962696822054       1.374996784659       5.008296829655
     622.273709414820       2.578118971236       5.442404918299
     578.997357751077       4.124990353978       5.249747494581
     640.305522608046       6.359360129050       5.520694915695
     619.697736101502       6.874983923297       5.431128506853
     647.003053222672       8.765604502204       5.549492759505
     600.635533582948       9.796852090698       5.346943989401
     630.516824017437       9.968726688781       5.478333459404
     616.091373462856      10.484350483028       5.415302082660
     301.307434575398      12.203096463852       3.787084957083
     529.023475472708      12.546845660017       5.018080179048
     530.569059460699      16.499961415913       5.025405192164
     598.059560269631      19.593704181396       5.335465826806
     598.059560269631      21.140575564138       5.335465826806
     301.822629238061       1.546871382742       3.883905993866
     599.605144257621       5.156237942473       5.474260824284
     529.023475472708       5.328112540555       5.141978813041
     625.880072053465       6.531234727132       5.592916977715
     611.454621498884       7.218733119462       5.528087729815
     612.485010824211       7.562482315627       5.532743582208
     640.820717270709       8.421855306039       5.659278707545
     650.094221198654      11.859347267687       5.700080163566
     600.120338920285      12.031221865770       5.476612125325
     631.032018680101      12.203096463852       5.615888915327
     642.881495921364      13.062469454264       5.668371078673
     657.306946475944      13.062469454264       5.731613826543
     658.852530463935      13.062469454264       5.738348495301
     612.485010824211      13.578093248512       5.532743582208
     633.607991993419      14.437466238924       5.627339718209
     301.307434575398      14.609340837006       3.880589770927
     524.386723508736      17.015585210160       5.119395171606
     653.700583837299      18.390581994819       5.715868740957
     301.307434575398       0.515623794247       3.976309742148
     643.911885246691       0.515623794247       5.812841806467
     569.208659160469       1.203122186577       5.465262578541
     301.822629238061       1.718745980824       3.979707764190
     610.424232173557       2.234369775072       5.659670739641
     640.305522608046       3.437491961648       5.796540934644
     640.820717270709       6.187485530967       5.798872436074
     627.425656041456       6.531234727132       5.737945515210
     644.942274572018       6.703109325215       5.817490808994
     646.487858560009       7.734356913709       5.824457355094
     301.307434575398       7.906231511792       3.976309742148
     614.030594812202       8.249980707956       5.676364676549
     615.576178800193      10.484350483028       5.683504210410
     642.881495921364      10.656225081110       5.808189082778
     654.730973162626      10.999974277275       5.861472429950
     600.120338920285      11.859347267687       5.611700136675
     626.910461378792      12.890594856182       5.735589247205
     542.418536701962      14.093717042759       5.335099761364
     607.333064197575      19.937453377561       5.645322359617
     301.822629238061      20.453077171809       3.979707764190
     644.942274572018       0.687498392330       5.960845973132
     636.699159969400       3.093742765484       5.922630187388
     623.304098740147       3.437491961648       5.859998013733
     301.307434575398       3.609366559731       4.074294346587
     616.606568125520       6.187485530967       5.828429540892
     573.330216461778       7.218733119462       5.620175702258
     649.579026535990       7.390607717544       5.982235069645
     628.971240029447       8.421855306039       5.886577569471
     634.123186656082       8.765604502204       5.910637082259
     611.454621498884      11.515598071522       5.804029262191
     601.150728245612      12.203096463852       5.754918348928
     645.972663897345      13.062469454264       5.965605733097
     617.121762788184      13.578093248512       5.830863952865
     655.761362487954      14.093717042759       6.010635466623
     646.487858560009      16.671836013995       5.967984189526
     609.393842848230      17.531209004407       5.794240380038
     659.367725126599      19.078080387149       6.027140564012
     619.697736101502      19.421829583314       5.843020798800
     301.307434575398      20.796826367973       4.074294346587
     301.822629238061      20.968700966056       4.077776103013
     614.545789474866       0.515623794247       5.961924558177
     569.208659160469       1.031247588495       5.737795975830
     647.518247885336       5.156237942473       6.119773636844
     620.212930764165       5.843736334802       5.989350938084
     616.091373462856       6.187485530967       5.969416976844
     627.425656041456       6.187485530967       6.024076650219
     632.577602668092       7.390607717544       6.048758674955
     512.022051604810       8.593729904121       5.441939198192
     301.307434575398      10.656225081110       4.174594305264
     606.817869534912      10.656225081110       5.924320332932
     607.333064197575      10.999974277275       5.926834704057
     626.910461378792      13.234344052347       6.021602883427
     646.487858560009      14.781215435089       6.114902530882
     646.487858560009      16.843710612078       6.114902530882
     634.123186656082      18.390581994819       6.056143666879
     301.307434575398      18.562456592902       4.174594305264
     644.942274572018      19.249954985232       6.107588587663
     599.089949594958      20.968700966056       5.886475887745
     658.852530463935       0.687498392330       6.324919451634
     569.208659160469       0.859372990412       5.878907664076
     625.880072053465       1.031247588495       6.164622001033
     642.366301258700       1.203122186577       6.245285040944
     660.398114451926       2.749993569319       6.332333832971
     301.307434575398       3.093742765484       4.277261610383
     648.033442548000       3.093742765484       6.272773401927
     616.091373462856       6.015610932885       6.116225004002
     609.393842848230       6.187485530967       6.082889411176
     610.424232173557       6.359360129050       6.088029844727
     641.335911933373       8.078106109874       6.240274147900
     301.822629238061      10.828099679193       4.280916815882
     619.182541438838      13.749967846594       6.131549535366
     301.822629238061      15.124964631253       4.280916815882
     627.425656041456      15.640588425501       6.172228942461
     301.307434575398      17.703083602490       4.277261610383
     301.307434575398      18.046832798655       4.277261610383
     634.123186656082      18.562456592902       6.205084594841
     629.486434692110      18.734331190984       6.182356971377
     637.729549294728      19.249954985232       6.222704246149
     658.337335801272      19.249954985232       6.322446058988
     301.307434575398       0.171874598082       4.382349551830
     597.544365606967       0.687498392330       6.171449356029
     659.367725126599       0.687498392330       6.482849421924
     660.398114451926       2.578118971236       6.487912796261
     301.822629238061       4.984363344390       4.386094561988
     609.909037510893       5.671861736720       6.234973700722
     627.940850704119       7.218733119462       6.326470104126
     642.881495921364       8.593729904121       6.401290763155
     557.359181919206      10.140601286863       5.960321299760
     607.333064197575      10.312475884945       6.221792947961
     590.331640329677      10.828099679193       6.134089694661
     569.723853823133      10.999974277275       6.026071679879
     599.605144257621      10.999974277275       6.182082076707
     609.393842848230      12.718720258099       6.232339780244
     301.307434575398      12.890594856182       4.382349551830
     567.663075172478      13.062469454264       6.015163193291
     644.427079909354      17.187459808242       6.408980977604
     645.972663897345      17.187459808242       6.416661975523
     650.609415861318      17.359334406325       6.439649999699
     627.425656041456      18.390581994819       6.323874292404
     577.966968425750      19.937453377561       6.069509575532
     609.393842848230      21.140575564138       6.232339780244
     659.367725126599       0.859372990412       6.641968627617
     646.487858560009       1.203122186577       6.576777716721
     660.398114451926       2.749993569319       6.647156280655
     301.307434575398       4.296864952061       4.489912744243
     633.092797330755       7.046858521379       6.508286513013
     301.822629238061       7.562482315627       4.493749674328
     642.881495921364       8.421855306039       6.558408140924
     651.124610523981      10.140601286863       6.600320620742
     657.822141138608      11.343723473440       6.634179542071
     301.307434575398      12.718720258099       4.489912744243
     639.790327945382      13.749967846594       6.542621740198
     640.305522608046      13.921842444676       6.545255451082
     626.395266716129      15.984337621666       6.473769183067
     644.942274572018      16.843710612078       6.568911331518
     626.910461378792      18.046832798655       6.476430893651
     301.307434575398      18.390581994819       4.489912744243
     570.239048485796      20.109327975644       6.176770338443
     645.457469234682       2.234369775072       6.732671093525
     659.367725126599       2.406244373154       6.804832287068
     660.398114451926       2.578118971236       6.810147143381
     301.307434575398       3.609366559731       4.600007154672
     644.942274572018       5.328112540555       6.729983597596
     642.881495921364       6.015610932885       6.719222864674
     639.275133282718      10.484350483028       6.700349998124
     657.306946475944      11.515598071522       6.794190101578
     301.822629238061      11.687472669605       4.603938167778
     569.723853823133      12.546845660017       6.325367822481
     632.062408005428      13.406218650429       6.662443882071
     639.275133282718      13.749967846594       6.700349998124
     639.790327945382      13.921842444676       6.703049375250
     301.307434575398      15.640588425501       4.600007154672
     625.880072053465      15.984337621666       6.629780428152
     627.940850704119      16.843710612078       6.640686097404
     658.852530463935      16.843710612078       6.802173301632
     301.307434575398      17.703083602490       4.600007154672
     646.487858560009      18.390581994819       6.738042869630
     301.822629238061      20.109327975644       4.603938167778
     633.092797330755       4.468739550143       6.831210173993
     642.881495921364       4.640614148225       6.883818702187
     301.307434575398       4.984363344390       4.712690130879
     301.307434575398       5.671861736720       4.712690130879
     570.239048485796       9.281228296451       6.483245059051
     630.001629354774      13.406218650429       6.814512576630
     571.269437811123      20.109327975644       6.489099841821
     301.822629238061      20.281202573726       4.716717439108
     621.243320089492      20.281202573726       6.766978974043
     301.307434575398       1.374996784659       4.828020430311
     301.822629238061       2.234369775072       4.832146295978
     627.425656041456       3.609366559731       6.966992003113
     641.335911933373       3.609366559731       7.043799005342
     644.942274572018       5.156237942473       7.063575601583
     622.273709414820       6.187485530967       6.938329198671
     301.307434575398       8.593729904121       4.828020430311
     301.307434575398      13.234344052347       4.828020430311
     301.307434575398      14.265591640841       4.828020430311
     302.337823900725      14.265591640841       4.836268641831
     301.307434575398      15.124964631253       4.828020430311
     648.033442548000      16.328086817830       7.080483004758
     301.307434575398      16.499961415913       4.828020430311
     301.307434575398      17.015585210160       4.828020430311
     643.911885246691      17.359334406325       7.057930800087
     622.788904077483      17.703083602490       6.941200805290
     635.153575981410      17.874958200572       7.009766460082
     301.822629238061      18.734331190984       4.832146295978
     659.882919789262       1.718745980824       7.319606709201
     636.183965306737       4.124990353978       7.186967190343
     644.427079909354       4.984363344390       7.233378547747
     623.304098740147       6.015610932885       7.113843295042
     301.822629238061       7.562482315627       4.950284986637
     608.878648185566       7.562482315627       7.031041725202
     301.307434575398       7.734356913709       4.946058249776
     645.457469234682      10.484350483028       7.239159045946
     644.942274572018      10.999974277275       7.236269374046
     570.239048485796      12.374971061935       6.804289443842
     301.307434575398      14.437466238924       4.946058249776
     638.759938620055      14.437466238924       7.201502870151
     657.822141138608      14.609340837006       7.308168404080
     625.880072053465      19.078080387149       7.128528082301
     645.972663897345      19.078080387149       7.242047564829
     568.693464497805      20.453077171809       6.795061965821
     633.092797330755      21.140575564138       7.169485474049
     644.427079909354       4.812488746308       7.410053136295
     659.367725126599       9.109353698369       7.495459708638
     569.723853823133       9.453102894533       6.967334043754
     301.307434575398       9.624977492616       5.066865255859
     301.307434575398      10.828099679193       5.066865255859
     301.307434575398      11.171848875358       5.066865255859
     623.819293402810      12.546845660017       7.290609421940
     631.032018680101      13.062469454264       7.332636043885
     302.337823900725      13.406218650429       5.075521510939
     301.307434575398      13.578093248512       5.066865255859
     629.486434692110      14.265591640841       7.323650641697
     637.729549294728      14.265591640841       7.371446222920
     626.395266716129      15.124964631253       7.305646683266
     568.693464497805      20.624951769891       6.961030713212
     301.822629238061       1.546871382742       5.194940248693
     301.307434575398       1.890620578907       5.190504616098
     641.851106596037       3.265617363566       7.575683197180
     301.822629238061       3.609366559731       5.194940248693
     301.307434575398       6.531234727132       5.190504616098
     569.723853823133       9.624977492616       7.137347786027
     570.239048485796      10.140601286863       7.140574167142
     301.307434575398      10.999974277275       5.190504616098
     639.790327945382      12.890594856182       7.563511871679
     302.337823900725      13.234344052347       5.199372097209
     639.275133282718      13.234344052347       7.560465978713
     301.307434575398      14.265591640841       5.190504616098
     301.822629238061      19.249954985232       5.194940248693
     640.305522608046      20.968700966056       7.566556538530
     301.307434575398      21.656199358386       5.190504616098
     649.063831873327       3.265617363566       7.803847833543
     645.457469234682       3.781241157813       7.782137559475
     644.427079909354       4.812488746308       7.775923490706
     639.275133282718       9.109353698369       7.744778358796
     301.307434575398      10.484350483028       5.317041030960
     623.819293402810      12.374971061935       7.650582259383
     301.307434575398      13.234344052347       5.317041030960
     636.699159969400      15.984337621666       7.729158730008
     637.214354632064      17.703083602490       7.732285179965
     648.033442548000      17.703083602490       7.797651066046
     301.307434575398      18.906205789067       5.317041030960
     301.307434575398       1.890620578907       5.446540766625
     649.063831873327       3.437491961648       7.993915246177
     301.307434575398       4.640614148225       5.446540766625
     636.183965306737       6.187485530967       7.914203152051
     301.307434575398       9.109353698369       5.446540766625
     551.692040629907       9.796852090698       7.369944101803
     301.307434575398      16.156212219748       5.446540766625
     301.307434575398      17.874958200572       5.446540766625
     301.307434575398       3.437491961648       5.579071688630
     644.942274572018       4.468739550143       8.162391859794
     658.852530463935       4.812488746308       8.249946404920
     635.153575981410       7.734356913709       8.100212119201
     648.033442548000       8.249980707956       8.181929394016
     301.822629238061       8.593729904121       5.583839377720
     301.822629238061      10.484350483028       5.583839377720
     301.307434575398      10.999974277275       5.579071688630
     569.723853823133      11.859347267687       7.671657750083
     630.516824017437       0.343749196165       8.266793756629
     301.307434575398       2.234369775072       5.714703296364
     302.337823900725       5.328112540555       5.724466320826
     301.307434575398       7.046858521379       5.714703296364
     301.822629238061      10.828099679193       5.719586891714
     568.178269835142      10.999974277275       7.847495460357
     301.307434575398      12.718720258099       5.714703296364
     632.062408005428      12.718720258099       8.276919738275
     301.307434575398      16.843710612078       5.714703296364
     302.337823900725      19.765578779479       5.724466320826
     301.307434575398      20.109327975644       5.714703296364
     301.307434575398       0.515623794247       5.853506758467
     301.822629238061       3.437491961648       5.858508970640
     301.307434575398       5.156237942473       5.853506758467
     302.337823900725       5.156237942473       5.863506915380
     302.337823900725       5.499987138638       5.863506915380
     301.822629238061       8.937479100286       5.858508970640
     301.307434575398      10.484350483028       5.853506758467
     301.307434575398      17.531209004407       5.853506758467
     302.337823900725      19.937453377561       5.863506915380
